positiveSamples/116480-gray-1575.png 4 281 145 14 14  423 183 10 10  378 199 4 4  234 387 10 10
positiveSamples/116481-gray-1575.png 5 271 143 32 32  418 175 26 26  370 191 28 28  227 388 30 30  331 308 10 10
positiveSamples/116482-gray-1575.png 6 266 143 42 42  411 171 38 38  370 190 38 38  472 145 12 12  223 391 38 38  329 308 18 18
positiveSamples/116483-gray-1575.png 6 260 143 54 54  405 171 46 46  365 187 48 48  461 140 24 24  219 392 48 48  326 310 26 26
positiveSamples/116484-gray-1575.png 5 253 140 66 66  396 171 54 54  359 184 62 62  215 393 60 60  321 308 36 36
positiveSamples/116485-gray-1575.png 4 248 137 76 76  389 171 60 60  207 393 74 74  314 308 46 46 
positiveSamples/116486-gray-1575.png 2 243 135 88 88  201 392 88 88 
positiveSamples/116487-gray-1575.png 1 238 135 96 96 
positiveSamples/116488-gray-1575.png 1 233 129 108 108 
positiveSamples/115253-gray-1617.png 4 284 155 10 10  378 201 6 6  332 306 10 10  305 239 8 8
positiveSamples/115254-gray-1617.png 7 281 148 18 18  373 198 24 24  420 170 20 20  458 127 26 26  331 308 26 26  303 240 20 20  202 316 10 10
positiveSamples/115255-gray-1617.png 7 273 143 34 34  366 197 40 40  418 169 36 36  460 130 38 38  327 307 36 36  294 235 36 36  198 311 26 26
positiveSamples/115256-gray-1617.png 6 265 139 58 58  363 191 52 52  418 172 44 44  457 128 50 50  323 310 42 42  197 310 34 34
positiveSamples/115257-gray-1617.png 6 263 141 66 66  359 192 62 62  411 165 58 58  450 124 64 64  318 311 54 54  191 310 46 46
positiveSamples/115258-gray-1617.png 5 259 137 78 78  357 195 66 66  406 164 68 68  450 127 66 66  191 313 46 46 
positiveSamples/115259-gray-1617.png 1 248 134 94 94 
positiveSamples/115260-gray-1617.png 1 241 135 104 104 
positiveSamples/115261-gray-1617.png 1 231 140 118 118 
positiveSamples/116818-gray-1624.png 10 281 145 20 20 422 181 18 18  378 199 18 18  458 140 18 18  305 244 14 14  300 229 12 12  333 312 12 12  201 313 14 14  222 381 18 18  264 481 26 26 
positiveSamples/116819-gray-1624.png 10 274 137 50 50 416 188 34 34  372 204 28 28  455 147 34 34  303 247 22 22  295 236 24 24  326 317 32 32  197 316 28 28  221 387 36 36  256 489 38 38
positiveSamples/116820-gray-1624.png 10 267 142 58 58 411 197 42 42  365 212 38 38  450 152 46 46  301 254 28 28  289 239 32 32  315 320 50 50  188 323 40 40  211 392 52 52  246 501 54 54
positiveSamples/116821-gray-1624.png 6 265 147 62 62  402 202 56 56  441 156 56 56  183 326 52 52  204 397 60 60  245 511 62 62
positiveSamples/116822-gray-1624.png 2 256 160 70 70  399 206 62 62  
positiveSamples/117194-gray-1634.png 6 277 142 10 10  415 175 10 10  371 194 8 8  292 235 16 16  229 378 8 8  323 303 12 12
positiveSamples/117195-gray-1634.png 9 262 133 28 28  440 126 32 32  400 170 28 28  354 188 26 26  280 225 34 34  187 306 20 20  213 374 20 20  307 300 28 28  295 73 20 20
positiveSamples/117196-gray-1634.png 9 252 123 48 48  431 123 46 46  386 165 48 48  338 185 38 38  273 222 44 44  169 297 36 36  200 367 34 34  294 294 42 42  285 68 40 40
positiveSamples/117197-gray-1634.png 5 246 120 66 66  422 118 64 64  370 158 68 68  186 362 48 48  279 63 56 56
positiveSamples/117198-gray-1634.png 4 231 108 88 88  406 115 86 86  359 157 80 80  275 62 70 70
positiveSamples/117199-gray-1634.png 3 219 101 102 102  399 109 94 94  348 164 86 86 
positiveSamples/117200-gray-1636.png 1 334 168 98 98 
positiveSamples/117201-gray-1636.png 1 323 168 108 108  
positiveSamples/117551-gray-1643.png 6 281 147 10 10  423 179 8 8  453 140 12 12  233 378 14 14  304 241 6 6  333 303 8 8
positiveSamples/117552-gray-1643.png 9 276 139 28 28  273 125 22 22  411 173 28 28  442 131 34 34  304 78 22 22  230 373 30 30  260 474 28 28  295 238 24 24  327 302 28 28
positiveSamples/117553-gray-1643.png 9 266 135 46 46  269 121 36 36  404 175 42 42  434 128 52 52  294 70 36 36  222 371 44 44  324 306 40 40  284 236 42 42  243 474 40 40
positiveSamples/117554-gray-1643.png 6 254 130 64 64  397 173 60 60  426 126 70 70  288 71 60 60  216 368 60 60  239 474 54 54
positiveSamples/117556-gray-1643.png 1 230 118 106 106 
positiveSamples/117555-gray-1647.png 4 280 70 72 72  207 368 80 80  231 474 70 70 243 122 86 86
positiveSamples/118997-gray-1652.png 1 283 142 6 6 
positiveSamples/118998-gray-1652.png 5 274 133 24 24  420 179 6 6  456 134 16 16  230 377 8 8  200 311 8 8
positiveSamples/118999-gray-1652.png 5 269 135 30 30  407 174 26 26  449 133 26 26  221 373 18 18  193 308 20 20
positiveSamples/119000-gray-1652.png 5 258 124 52 52  402 177 34 34  442 128 42 42  207 368 36 36  188 301 34 34
positiveSamples/119001-gray-1652.png 4 247 122 64 64  392 175 48 48  434 131 54 54  176 297 46 46
positiveSamples/119002-gray-1652.png 2 239 123 76 76  381 175 62 62
positiveSamples/119572-gray-1665.png 3 273 135 22 22  307 81 14 14  228 377 10 10
positiveSamples/119573-gray-1665.png 4 275 132 34 34  306 79 20 20  202 313 12 12  228 378 18 18
positiveSamples/119574-gray-1665.png 4 272 129 40 40  304 81 28 28  197 311 20 20  224 376 26 26
positiveSamples/119575-gray-1665.png 4 266 128 50 50  295 78 40 40  194 309 28 28  224 372 40 40
positiveSamples/119576-gray-1665.png 4 265 123 62 62  291 76 50 50  189 304 40 40  216 370 54 54
positiveSamples/119577-gray-1665.png 4 256 122 70 70  285 77 58 58  185 300 48 48  212 372 62 62 
positiveSamples/119578-gray-1665.png 2 251 117 80 80  279 77 66 66
positiveSamples/124986-gray-1657.png 1 281 131 8 8 
positiveSamples/124988-gray-1657.png 2 276 128 16 16  220 376 22 22
positiveSamples/124989-gray-1657.png 1 274 132 24 24 
positiveSamples/124990-gray-1657.png 1 269 133 30 30 
positiveSamples/124991-gray-1657.png 1 261 131 42 42 
positiveSamples/124992-gray-1657.png 1 250 126 62 62 
positiveSamples/137715-gray-1658.png 3 277 129 8 8  229 376 8 8  199 313 6 6
positiveSamples/137716-gray-1658.png 3 271 128 14 14  222 375 16 16  195 309 14 14
positiveSamples/137717-gray-1658.png 3 258 122 28 28  218 374 20 20  189 306 24 24
positiveSamples/137718-gray-1658.png 2 248 119 36 36  210 372 30 30
positiveSamples/137719-gray-1658.png 2 242 115 48 48  202 369 42 42
positiveSamples/137720-gray-1659.png 1 196 368 48 48 
positiveSamples/137721-gray-1659.png 1 187 365 58 58 
positiveSamples/137722-gray-1659.png 1 183 365 62 62 
